-0.634921
-0.373832
