-0.637931
-0.672727
